(kicad_pcb (version 20171130) (host pcbnew "(5.0.0)")

  (general
    (thickness 1.6)
    (drawings 8)
    (tracks 126)
    (zones 0)
    (modules 13)
    (nets 33)
  )

  (page A4)
  (title_block
    (title "Roomba 560 ESP-Wifi")
    (date 2018-10-05)
    (rev --)
    (comment 1 "Drawn by: Matthew A Sparks")
  )

  (layers
    (0 F.Cu signal)
    (31 B.Cu signal)
    (32 B.Adhes user)
    (33 F.Adhes user)
    (34 B.Paste user)
    (35 F.Paste user)
    (36 B.SilkS user)
    (37 F.SilkS user)
    (38 B.Mask user)
    (39 F.Mask user)
    (40 Dwgs.User user)
    (41 Cmts.User user)
    (42 Eco1.User user)
    (43 Eco2.User user)
    (44 Edge.Cuts user)
    (45 Margin user)
    (46 B.CrtYd user hide)
    (47 F.CrtYd user hide)
    (48 B.Fab user)
    (49 F.Fab user hide)
  )

  (setup
    (last_trace_width 0.25)
    (trace_clearance 0.2)
    (zone_clearance 0.508)
    (zone_45_only no)
    (trace_min 0.2)
    (segment_width 0.2)
    (edge_width 0.15)
    (via_size 0.8)
    (via_drill 0.4)
    (via_min_size 0.4)
    (via_min_drill 0.3)
    (uvia_size 0.3)
    (uvia_drill 0.1)
    (uvias_allowed no)
    (uvia_min_size 0.2)
    (uvia_min_drill 0.1)
    (pcb_text_width 0.3)
    (pcb_text_size 1.5 1.5)
    (mod_edge_width 0.15)
    (mod_text_size 1 1)
    (mod_text_width 0.15)
    (pad_size 1.524 1.524)
    (pad_drill 0.762)
    (pad_to_mask_clearance 0.2)
    (aux_axis_origin 127 119.38)
    (grid_origin 127 119.38)
    (visible_elements 7FFFFFFF)
    (pcbplotparams
      (layerselection 0x010fc_ffffffff)
      (usegerberextensions false)
      (usegerberattributes false)
      (usegerberadvancedattributes false)
      (creategerberjobfile false)
      (excludeedgelayer true)
      (linewidth 0.100000)
      (plotframeref false)
      (viasonmask false)
      (mode 1)
      (useauxorigin false)
      (hpglpennumber 1)
      (hpglpenspeed 20)
      (hpglpendiameter 15.000000)
      (psnegative false)
      (psa4output false)
      (plotreference true)
      (plotvalue true)
      (plotinvisibletext false)
      (padsonsilk false)
      (subtractmaskfromsilk false)
      (outputformat 1)
      (mirror false)
      (drillshape 1)
      (scaleselection 1)
      (outputdirectory ""))
  )

  (net 0 "")
  (net 1 /GPIO0)
  (net 2 +3V3)
  (net 3 "Net-(R2-Pad1)")
  (net 4 "Net-(R1-Pad1)")
  (net 5 Earth)
  (net 6 "Net-(R4-Pad1)")
  (net 7 "Net-(U4-Pad2)")
  (net 8 /LOCAL_BRC)
  (net 9 "Net-(U4-Pad5)")
  (net 10 "Net-(U4-Pad6)")
  (net 11 "Net-(U4-Pad7)")
  (net 12 "Net-(U4-Pad9)")
  (net 13 "Net-(U4-Pad10)")
  (net 14 "Net-(U4-Pad11)")
  (net 15 "Net-(U4-Pad12)")
  (net 16 "Net-(U4-Pad13)")
  (net 17 "Net-(U4-Pad14)")
  (net 18 "Net-(U4-Pad19)")
  (net 19 "Net-(U4-Pad20)")
  (net 20 /LOCAL_RXD)
  (net 21 /LOCAL_TXD)
  (net 22 +5V)
  (net 23 "Net-(U3-Pad5)")
  (net 24 "Net-(U3-Pad6)")
  (net 25 "Net-(U3-Pad8)")
  (net 26 "Net-(U3-Pad9)")
  (net 27 "Net-(U3-Pad10)")
  (net 28 /ROOMBA_BRC)
  (net 29 /ROOMBA_RXD)
  (net 30 /ROOMBA_TXD)
  (net 31 +BATT)
  (net 32 /GPIO2)

  (net_class Default "This is the default net class."
    (clearance 0.2)
    (trace_width 0.25)
    (via_dia 0.8)
    (via_drill 0.4)
    (uvia_dia 0.3)
    (uvia_drill 0.1)
    (add_net /GPIO0)
    (add_net /GPIO2)
    (add_net /LOCAL_BRC)
    (add_net /LOCAL_RXD)
    (add_net /LOCAL_TXD)
    (add_net /ROOMBA_BRC)
    (add_net /ROOMBA_RXD)
    (add_net /ROOMBA_TXD)
    (add_net "Net-(R1-Pad1)")
    (add_net "Net-(R2-Pad1)")
    (add_net "Net-(R4-Pad1)")
    (add_net "Net-(U3-Pad10)")
    (add_net "Net-(U3-Pad5)")
    (add_net "Net-(U3-Pad6)")
    (add_net "Net-(U3-Pad8)")
    (add_net "Net-(U3-Pad9)")
    (add_net "Net-(U4-Pad10)")
    (add_net "Net-(U4-Pad11)")
    (add_net "Net-(U4-Pad12)")
    (add_net "Net-(U4-Pad13)")
    (add_net "Net-(U4-Pad14)")
    (add_net "Net-(U4-Pad19)")
    (add_net "Net-(U4-Pad2)")
    (add_net "Net-(U4-Pad20)")
    (add_net "Net-(U4-Pad5)")
    (add_net "Net-(U4-Pad6)")
    (add_net "Net-(U4-Pad7)")
    (add_net "Net-(U4-Pad9)")
  )

  (net_class Power ""
    (clearance 0.2)
    (trace_width 0.508)
    (via_dia 0.8)
    (via_drill 0.4)
    (uvia_dia 0.3)
    (uvia_drill 0.1)
    (add_net +3V3)
    (add_net +5V)
    (add_net +BATT)
    (add_net Earth)
  )

  (module RF_Module:ESP-12E (layer F.Cu) (tedit 5A030172) (tstamp 5BDC27CC)
    (at 144.018 83.312)
    (descr "Wi-Fi Module, http://wiki.ai-thinker.com/_media/esp8266/docs/aithinker_esp_12f_datasheet_en.pdf")
    (tags "Wi-Fi Module")
    (path /5BB75859)
    (attr smd)
    (fp_text reference U4 (at 10.414 -3.302) (layer F.SilkS)
      (effects (font (size 1 1) (thickness 0.15)))
    )
    (fp_text value ESP-12F (at -0.06 -12.78) (layer F.Fab)
      (effects (font (size 1 1) (thickness 0.15)))
    )
    (fp_text user Antenna (at -0.06 -7 180) (layer Cmts.User)
      (effects (font (size 1 1) (thickness 0.15)))
    )
    (fp_text user "KEEP-OUT ZONE" (at 0.03 -9.55 180) (layer Cmts.User)
      (effects (font (size 1 1) (thickness 0.15)))
    )
    (fp_text user %R (at 0.49 -0.8) (layer F.Fab)
      (effects (font (size 1 1) (thickness 0.15)))
    )
    (fp_line (start -8 -12) (end 8 -12) (layer F.Fab) (width 0.12))
    (fp_line (start 8 -12) (end 8 12) (layer F.Fab) (width 0.12))
    (fp_line (start 8 12) (end -8 12) (layer F.Fab) (width 0.12))
    (fp_line (start -8 12) (end -8 -3) (layer F.Fab) (width 0.12))
    (fp_line (start -8 -3) (end -7.5 -3.5) (layer F.Fab) (width 0.12))
    (fp_line (start -7.5 -3.5) (end -8 -4) (layer F.Fab) (width 0.12))
    (fp_line (start -8 -4) (end -8 -12) (layer F.Fab) (width 0.12))
    (fp_line (start -9.05 -12.2) (end 9.05 -12.2) (layer F.CrtYd) (width 0.05))
    (fp_line (start 9.05 -12.2) (end 9.05 13.1) (layer F.CrtYd) (width 0.05))
    (fp_line (start 9.05 13.1) (end -9.05 13.1) (layer F.CrtYd) (width 0.05))
    (fp_line (start -9.05 13.1) (end -9.05 -12.2) (layer F.CrtYd) (width 0.05))
    (fp_line (start -8.12 -12.12) (end 8.12 -12.12) (layer F.SilkS) (width 0.12))
    (fp_line (start 8.12 -12.12) (end 8.12 -4.5) (layer F.SilkS) (width 0.12))
    (fp_line (start 8.12 11.5) (end 8.12 12.12) (layer F.SilkS) (width 0.12))
    (fp_line (start 8.12 12.12) (end 6 12.12) (layer F.SilkS) (width 0.12))
    (fp_line (start -6 12.12) (end -8.12 12.12) (layer F.SilkS) (width 0.12))
    (fp_line (start -8.12 12.12) (end -8.12 11.5) (layer F.SilkS) (width 0.12))
    (fp_line (start -8.12 -4.5) (end -8.12 -12.12) (layer F.SilkS) (width 0.12))
    (fp_line (start -8.12 -4.5) (end -8.73 -4.5) (layer F.SilkS) (width 0.12))
    (fp_line (start -8.12 -12.12) (end 8.12 -12.12) (layer Dwgs.User) (width 0.12))
    (fp_line (start 8.12 -12.12) (end 8.12 -4.8) (layer Dwgs.User) (width 0.12))
    (fp_line (start 8.12 -4.8) (end -8.12 -4.8) (layer Dwgs.User) (width 0.12))
    (fp_line (start -8.12 -4.8) (end -8.12 -12.12) (layer Dwgs.User) (width 0.12))
    (fp_line (start -8.12 -9.12) (end -5.12 -12.12) (layer Dwgs.User) (width 0.12))
    (fp_line (start -8.12 -6.12) (end -2.12 -12.12) (layer Dwgs.User) (width 0.12))
    (fp_line (start -6.44 -4.8) (end 0.88 -12.12) (layer Dwgs.User) (width 0.12))
    (fp_line (start -3.44 -4.8) (end 3.88 -12.12) (layer Dwgs.User) (width 0.12))
    (fp_line (start -0.44 -4.8) (end 6.88 -12.12) (layer Dwgs.User) (width 0.12))
    (fp_line (start 2.56 -4.8) (end 8.12 -10.36) (layer Dwgs.User) (width 0.12))
    (fp_line (start 5.56 -4.8) (end 8.12 -7.36) (layer Dwgs.User) (width 0.12))
    (pad 1 smd rect (at -7.6 -3.5) (size 2.5 1) (layers F.Cu F.Paste F.Mask)
      (net 4 "Net-(R1-Pad1)"))
    (pad 2 smd rect (at -7.6 -1.5) (size 2.5 1) (layers F.Cu F.Paste F.Mask)
      (net 7 "Net-(U4-Pad2)"))
    (pad 3 smd rect (at -7.6 0.5) (size 2.5 1) (layers F.Cu F.Paste F.Mask)
      (net 3 "Net-(R2-Pad1)"))
    (pad 4 smd rect (at -7.6 2.5) (size 2.5 1) (layers F.Cu F.Paste F.Mask)
      (net 8 /LOCAL_BRC))
    (pad 5 smd rect (at -7.6 4.5) (size 2.5 1) (layers F.Cu F.Paste F.Mask)
      (net 9 "Net-(U4-Pad5)"))
    (pad 6 smd rect (at -7.6 6.5) (size 2.5 1) (layers F.Cu F.Paste F.Mask)
      (net 10 "Net-(U4-Pad6)"))
    (pad 7 smd rect (at -7.6 8.5) (size 2.5 1) (layers F.Cu F.Paste F.Mask)
      (net 11 "Net-(U4-Pad7)"))
    (pad 8 smd rect (at -7.6 10.5) (size 2.5 1) (layers F.Cu F.Paste F.Mask)
      (net 2 +3V3))
    (pad 9 smd rect (at -5 12) (size 1 1.8) (layers F.Cu F.Paste F.Mask)
      (net 12 "Net-(U4-Pad9)"))
    (pad 10 smd rect (at -3 12) (size 1 1.8) (layers F.Cu F.Paste F.Mask)
      (net 13 "Net-(U4-Pad10)"))
    (pad 11 smd rect (at -1 12) (size 1 1.8) (layers F.Cu F.Paste F.Mask)
      (net 14 "Net-(U4-Pad11)"))
    (pad 12 smd rect (at 1 12) (size 1 1.8) (layers F.Cu F.Paste F.Mask)
      (net 15 "Net-(U4-Pad12)"))
    (pad 13 smd rect (at 3 12) (size 1 1.8) (layers F.Cu F.Paste F.Mask)
      (net 16 "Net-(U4-Pad13)"))
    (pad 14 smd rect (at 5 12) (size 1 1.8) (layers F.Cu F.Paste F.Mask)
      (net 17 "Net-(U4-Pad14)"))
    (pad 15 smd rect (at 7.6 10.5) (size 2.5 1) (layers F.Cu F.Paste F.Mask)
      (net 5 Earth))
    (pad 16 smd rect (at 7.6 8.5) (size 2.5 1) (layers F.Cu F.Paste F.Mask)
      (net 6 "Net-(R4-Pad1)"))
    (pad 17 smd rect (at 7.6 6.5) (size 2.5 1) (layers F.Cu F.Paste F.Mask)
      (net 32 /GPIO2))
    (pad 18 smd rect (at 7.6 4.5) (size 2.5 1) (layers F.Cu F.Paste F.Mask)
      (net 1 /GPIO0))
    (pad 19 smd rect (at 7.6 2.5) (size 2.5 1) (layers F.Cu F.Paste F.Mask)
      (net 18 "Net-(U4-Pad19)"))
    (pad 20 smd rect (at 7.6 0.5) (size 2.5 1) (layers F.Cu F.Paste F.Mask)
      (net 19 "Net-(U4-Pad20)"))
    (pad 21 smd rect (at 7.6 -1.5) (size 2.5 1) (layers F.Cu F.Paste F.Mask)
      (net 20 /LOCAL_RXD))
    (pad 22 smd rect (at 7.6 -3.5) (size 2.5 1) (layers F.Cu F.Paste F.Mask)
      (net 21 /LOCAL_TXD))
    (model ${KISYS3DMOD}/RF_Module.3dshapes/ESP-12E.wrl
      (at (xyz 0 0 0))
      (scale (xyz 1 1 1))
      (rotate (xyz 0 0 0))
    )
  )

  (module Capacitor_SMD:C_0805_2012Metric_Pad1.15x1.40mm_HandSolder (layer F.Cu) (tedit 5B36C52B) (tstamp 5BDC2893)
    (at 145.542 109.982 270)
    (descr "Capacitor SMD 0805 (2012 Metric), square (rectangular) end terminal, IPC_7351 nominal with elongated pad for handsoldering. (Body size source: https://docs.google.com/spreadsheets/d/1BsfQQcO9C6DZCsRaXUlFlo91Tg2WpOkGARC1WS5S8t0/edit?usp=sharing), generated with kicad-footprint-generator")
    (tags "capacitor handsolder")
    (path /5BB9991F)
    (attr smd)
    (fp_text reference C1 (at -2.794 0) (layer F.SilkS)
      (effects (font (size 1 1) (thickness 0.15)))
    )
    (fp_text value "10 uF" (at 0 1.65 270) (layer F.Fab)
      (effects (font (size 1 1) (thickness 0.15)))
    )
    (fp_text user %R (at 0 0 270) (layer F.Fab)
      (effects (font (size 0.5 0.5) (thickness 0.08)))
    )
    (fp_line (start 1.85 0.95) (end -1.85 0.95) (layer F.CrtYd) (width 0.05))
    (fp_line (start 1.85 -0.95) (end 1.85 0.95) (layer F.CrtYd) (width 0.05))
    (fp_line (start -1.85 -0.95) (end 1.85 -0.95) (layer F.CrtYd) (width 0.05))
    (fp_line (start -1.85 0.95) (end -1.85 -0.95) (layer F.CrtYd) (width 0.05))
    (fp_line (start -0.261252 0.71) (end 0.261252 0.71) (layer F.SilkS) (width 0.12))
    (fp_line (start -0.261252 -0.71) (end 0.261252 -0.71) (layer F.SilkS) (width 0.12))
    (fp_line (start 1 0.6) (end -1 0.6) (layer F.Fab) (width 0.1))
    (fp_line (start 1 -0.6) (end 1 0.6) (layer F.Fab) (width 0.1))
    (fp_line (start -1 -0.6) (end 1 -0.6) (layer F.Fab) (width 0.1))
    (fp_line (start -1 0.6) (end -1 -0.6) (layer F.Fab) (width 0.1))
    (pad 2 smd roundrect (at 1.025 0 270) (size 1.15 1.4) (layers F.Cu F.Paste F.Mask) (roundrect_rratio 0.217391)
      (net 5 Earth))
    (pad 1 smd roundrect (at -1.025 0 270) (size 1.15 1.4) (layers F.Cu F.Paste F.Mask) (roundrect_rratio 0.217391)
      (net 31 +BATT))
    (model ${KISYS3DMOD}/Capacitor_SMD.3dshapes/C_0805_2012Metric.wrl
      (at (xyz 0 0 0))
      (scale (xyz 1 1 1))
      (rotate (xyz 0 0 0))
    )
  )

  (module Capacitor_SMD:C_0805_2012Metric_Pad1.15x1.40mm_HandSolder (layer F.Cu) (tedit 5B36C52B) (tstamp 5BDC2882)
    (at 145.796 104.394 270)
    (descr "Capacitor SMD 0805 (2012 Metric), square (rectangular) end terminal, IPC_7351 nominal with elongated pad for handsoldering. (Body size source: https://docs.google.com/spreadsheets/d/1BsfQQcO9C6DZCsRaXUlFlo91Tg2WpOkGARC1WS5S8t0/edit?usp=sharing), generated with kicad-footprint-generator")
    (tags "capacitor handsolder")
    (path /5BBABA07)
    (attr smd)
    (fp_text reference C2 (at -3.048 0 270) (layer F.SilkS)
      (effects (font (size 1 1) (thickness 0.15)))
    )
    (fp_text value "10 uF" (at 0 1.65 270) (layer F.Fab)
      (effects (font (size 1 1) (thickness 0.15)))
    )
    (fp_line (start -1 0.6) (end -1 -0.6) (layer F.Fab) (width 0.1))
    (fp_line (start -1 -0.6) (end 1 -0.6) (layer F.Fab) (width 0.1))
    (fp_line (start 1 -0.6) (end 1 0.6) (layer F.Fab) (width 0.1))
    (fp_line (start 1 0.6) (end -1 0.6) (layer F.Fab) (width 0.1))
    (fp_line (start -0.261252 -0.71) (end 0.261252 -0.71) (layer F.SilkS) (width 0.12))
    (fp_line (start -0.261252 0.71) (end 0.261252 0.71) (layer F.SilkS) (width 0.12))
    (fp_line (start -1.85 0.95) (end -1.85 -0.95) (layer F.CrtYd) (width 0.05))
    (fp_line (start -1.85 -0.95) (end 1.85 -0.95) (layer F.CrtYd) (width 0.05))
    (fp_line (start 1.85 -0.95) (end 1.85 0.95) (layer F.CrtYd) (width 0.05))
    (fp_line (start 1.85 0.95) (end -1.85 0.95) (layer F.CrtYd) (width 0.05))
    (fp_text user %R (at 0 0 270) (layer F.Fab)
      (effects (font (size 0.5 0.5) (thickness 0.08)))
    )
    (pad 1 smd roundrect (at -1.025 0 270) (size 1.15 1.4) (layers F.Cu F.Paste F.Mask) (roundrect_rratio 0.217391)
      (net 22 +5V))
    (pad 2 smd roundrect (at 1.025 0 270) (size 1.15 1.4) (layers F.Cu F.Paste F.Mask) (roundrect_rratio 0.217391)
      (net 5 Earth))
    (model ${KISYS3DMOD}/Capacitor_SMD.3dshapes/C_0805_2012Metric.wrl
      (at (xyz 0 0 0))
      (scale (xyz 1 1 1))
      (rotate (xyz 0 0 0))
    )
  )

  (module Capacitor_SMD:C_0805_2012Metric_Pad1.15x1.40mm_HandSolder (layer F.Cu) (tedit 5B36C52B) (tstamp 5BDC2871)
    (at 143.002 109.982 270)
    (descr "Capacitor SMD 0805 (2012 Metric), square (rectangular) end terminal, IPC_7351 nominal with elongated pad for handsoldering. (Body size source: https://docs.google.com/spreadsheets/d/1BsfQQcO9C6DZCsRaXUlFlo91Tg2WpOkGARC1WS5S8t0/edit?usp=sharing), generated with kicad-footprint-generator")
    (tags "capacitor handsolder")
    (path /5BBACEE9)
    (attr smd)
    (fp_text reference C3 (at -2.794 0) (layer F.SilkS)
      (effects (font (size 1 1) (thickness 0.15)))
    )
    (fp_text value "10 uF" (at 0 1.65 270) (layer F.Fab)
      (effects (font (size 1 1) (thickness 0.15)))
    )
    (fp_text user %R (at 0 0 270) (layer F.Fab)
      (effects (font (size 0.5 0.5) (thickness 0.08)))
    )
    (fp_line (start 1.85 0.95) (end -1.85 0.95) (layer F.CrtYd) (width 0.05))
    (fp_line (start 1.85 -0.95) (end 1.85 0.95) (layer F.CrtYd) (width 0.05))
    (fp_line (start -1.85 -0.95) (end 1.85 -0.95) (layer F.CrtYd) (width 0.05))
    (fp_line (start -1.85 0.95) (end -1.85 -0.95) (layer F.CrtYd) (width 0.05))
    (fp_line (start -0.261252 0.71) (end 0.261252 0.71) (layer F.SilkS) (width 0.12))
    (fp_line (start -0.261252 -0.71) (end 0.261252 -0.71) (layer F.SilkS) (width 0.12))
    (fp_line (start 1 0.6) (end -1 0.6) (layer F.Fab) (width 0.1))
    (fp_line (start 1 -0.6) (end 1 0.6) (layer F.Fab) (width 0.1))
    (fp_line (start -1 -0.6) (end 1 -0.6) (layer F.Fab) (width 0.1))
    (fp_line (start -1 0.6) (end -1 -0.6) (layer F.Fab) (width 0.1))
    (pad 2 smd roundrect (at 1.025 0 270) (size 1.15 1.4) (layers F.Cu F.Paste F.Mask) (roundrect_rratio 0.217391)
      (net 5 Earth))
    (pad 1 smd roundrect (at -1.025 0 270) (size 1.15 1.4) (layers F.Cu F.Paste F.Mask) (roundrect_rratio 0.217391)
      (net 2 +3V3))
    (model ${KISYS3DMOD}/Capacitor_SMD.3dshapes/C_0805_2012Metric.wrl
      (at (xyz 0 0 0))
      (scale (xyz 1 1 1))
      (rotate (xyz 0 0 0))
    )
  )

  (module Connector_PinHeader_2.54mm:PinHeader_1x07_P2.54mm_Vertical (layer F.Cu) (tedit 5BB6F3B1) (tstamp 5BDC284F)
    (at 151.892 114.554 270)
    (descr "Through hole straight pin header, 1x07, 2.54mm pitch, single row")
    (tags "Through hole pin header THT 1x07 2.54mm single row")
    (path /5BB8E599)
    (fp_text reference J1 (at 0 -2.794 270) (layer F.SilkS)
      (effects (font (size 1 1) (thickness 0.15)))
    )
    (fp_text value Conn_01x07_Male (at 0 17.57 270) (layer F.Fab)
      (effects (font (size 1 1) (thickness 0.15)))
    )
    (fp_line (start -0.635 -1.27) (end 1.27 -1.27) (layer F.Fab) (width 0.1))
    (fp_line (start 1.27 -1.27) (end 1.27 16.51) (layer F.Fab) (width 0.1))
    (fp_line (start 1.27 16.51) (end -1.27 16.51) (layer F.Fab) (width 0.1))
    (fp_line (start -1.27 16.51) (end -1.27 -0.635) (layer F.Fab) (width 0.1))
    (fp_line (start -1.27 -0.635) (end -0.635 -1.27) (layer F.Fab) (width 0.1))
    (fp_line (start -1.33 16.57) (end 1.33 16.57) (layer F.SilkS) (width 0.12))
    (fp_line (start -1.33 1.27) (end -1.33 16.57) (layer F.SilkS) (width 0.12))
    (fp_line (start 1.33 1.27) (end 1.33 16.57) (layer F.SilkS) (width 0.12))
    (fp_line (start -1.33 1.27) (end 1.33 1.27) (layer F.SilkS) (width 0.12))
    (fp_line (start -1.33 0) (end -1.33 -1.33) (layer F.SilkS) (width 0.12))
    (fp_line (start -1.33 -1.33) (end 0 -1.33) (layer F.SilkS) (width 0.12))
    (fp_line (start -1.8 -1.8) (end -1.8 17.05) (layer F.CrtYd) (width 0.05))
    (fp_line (start -1.8 17.05) (end 1.8 17.05) (layer F.CrtYd) (width 0.05))
    (fp_line (start 1.8 17.05) (end 1.8 -1.8) (layer F.CrtYd) (width 0.05))
    (fp_line (start 1.8 -1.8) (end -1.8 -1.8) (layer F.CrtYd) (width 0.05))
    (fp_text user %R (at 0 7.62) (layer F.Fab)
      (effects (font (size 1 1) (thickness 0.15)))
    )
    (pad 1 thru_hole rect (at 0 0 270) (size 1.7 1.7) (drill 1) (layers *.Cu *.Mask)
      (net 31 +BATT))
    (pad 2 thru_hole oval (at 0 2.54 270) (size 1.7 1.7) (drill 1) (layers *.Cu *.Mask)
      (net 31 +BATT))
    (pad 3 thru_hole oval (at 0 5.08 270) (size 1.7 1.7) (drill 1) (layers *.Cu *.Mask)
      (net 29 /ROOMBA_RXD))
    (pad 4 thru_hole oval (at 0 7.62 270) (size 1.7 1.7) (drill 1) (layers *.Cu *.Mask)
      (net 30 /ROOMBA_TXD))
    (pad 5 thru_hole oval (at 0 10.16 270) (size 1.7 1.7) (drill 1) (layers *.Cu *.Mask)
      (net 28 /ROOMBA_BRC))
    (pad 6 thru_hole oval (at 0 12.7 270) (size 1.7 1.7) (drill 1) (layers *.Cu *.Mask)
      (net 5 Earth))
    (pad 7 thru_hole oval (at 0 15.24 270) (size 1.7 1.7) (drill 1) (layers *.Cu *.Mask)
      (net 5 Earth))
    (model ${KISYS3DMOD}/Connector_PinHeader_2.54mm.3dshapes/PinHeader_1x07_P2.54mm_Vertical.wrl
      (at (xyz 0 0 0))
      (scale (xyz 1 1 1))
      (rotate (xyz 0 0 0))
    )
  )

  (module Converter_DCDC:Converter_DCDC_TRACO_TSR-1_THT (layer F.Cu) (tedit 59FE1FB7) (tstamp 5BDC281C)
    (at 152.908 108.204 90)
    (descr "DCDC-Converter, TRACO, TSR 1-xxxx")
    (tags "DCDC-Converter TRACO TSR-1")
    (path /5BB72BEF)
    (fp_text reference U1 (at 9.652 1.27 180) (layer F.SilkS)
      (effects (font (size 1 1) (thickness 0.15)))
    )
    (fp_text value TSR_1-2450 (at 2.5 3.25 90) (layer F.Fab)
      (effects (font (size 1 1) (thickness 0.15)))
    )
    (fp_text user %R (at 3 -3 90) (layer F.Fab)
      (effects (font (size 1 1) (thickness 0.15)))
    )
    (fp_line (start -3.75 2.45) (end -1.42 2.45) (layer F.SilkS) (width 0.12))
    (fp_line (start -3.75 0) (end -3.75 2.45) (layer F.SilkS) (width 0.12))
    (fp_line (start -3.3 1) (end -2.3 2) (layer F.Fab) (width 0.1))
    (fp_line (start -3.3 1) (end -3.3 -5.6) (layer F.Fab) (width 0.1))
    (fp_line (start 8.4 2) (end 8.4 -5.6) (layer F.Fab) (width 0.1))
    (fp_line (start -3.3 -5.6) (end 8.4 -5.6) (layer F.Fab) (width 0.1))
    (fp_line (start -3.55 2.25) (end -3.55 -5.85) (layer F.CrtYd) (width 0.05))
    (fp_line (start 8.65 2.25) (end -3.55 2.25) (layer F.CrtYd) (width 0.05))
    (fp_line (start 8.65 -5.85) (end 8.65 2.25) (layer F.CrtYd) (width 0.05))
    (fp_line (start -3.55 -5.85) (end 8.65 -5.85) (layer F.CrtYd) (width 0.05))
    (fp_line (start 8.52 2.12) (end -3.42 2.12) (layer F.SilkS) (width 0.12))
    (fp_line (start 8.52 -5.73) (end 8.52 2.12) (layer F.SilkS) (width 0.12))
    (fp_line (start -3.42 -5.73) (end 8.52 -5.73) (layer F.SilkS) (width 0.12))
    (fp_line (start -3.42 2.12) (end -3.42 -5.73) (layer F.SilkS) (width 0.12))
    (fp_line (start -2.3 2) (end 8.4 2) (layer F.Fab) (width 0.1))
    (pad 1 thru_hole rect (at 0 0 90) (size 1.5 2.5) (drill 1) (layers *.Cu *.Mask)
      (net 31 +BATT))
    (pad 2 thru_hole oval (at 2.54 0 90) (size 1.5 2.5) (drill 1) (layers *.Cu *.Mask)
      (net 5 Earth))
    (pad 3 thru_hole oval (at 5.08 0 90) (size 1.5 2.5) (drill 1) (layers *.Cu *.Mask)
      (net 22 +5V))
    (model ${KISYS3DMOD}/Converter_DCDC.3dshapes/Converter_DCDC_TRACO_TSR-1_THT.wrl
      (at (xyz 0 0 0))
      (scale (xyz 1 1 1))
      (rotate (xyz 0 0 0))
    )
  )

  (module Package_SO:SOIC-14_3.9x8.7mm_P1.27mm (layer F.Cu) (tedit 5A02F2D3) (tstamp 5BDC2805)
    (at 136.652 100.838 270)
    (descr "14-Lead Plastic Small Outline (SL) - Narrow, 3.90 mm Body [SOIC] (see Microchip Packaging Specification 00000049BS.pdf)")
    (tags "SOIC 1.27")
    (path /5BB7A4D3)
    (attr smd)
    (fp_text reference U3 (at 1.27 -5.842 270) (layer F.SilkS)
      (effects (font (size 1 1) (thickness 0.15)))
    )
    (fp_text value TXB0104D (at 0 5.375 270) (layer F.Fab)
      (effects (font (size 1 1) (thickness 0.15)))
    )
    (fp_text user %R (at 0 0 270) (layer F.Fab)
      (effects (font (size 0.9 0.9) (thickness 0.135)))
    )
    (fp_line (start -0.95 -4.35) (end 1.95 -4.35) (layer F.Fab) (width 0.15))
    (fp_line (start 1.95 -4.35) (end 1.95 4.35) (layer F.Fab) (width 0.15))
    (fp_line (start 1.95 4.35) (end -1.95 4.35) (layer F.Fab) (width 0.15))
    (fp_line (start -1.95 4.35) (end -1.95 -3.35) (layer F.Fab) (width 0.15))
    (fp_line (start -1.95 -3.35) (end -0.95 -4.35) (layer F.Fab) (width 0.15))
    (fp_line (start -3.7 -4.65) (end -3.7 4.65) (layer F.CrtYd) (width 0.05))
    (fp_line (start 3.7 -4.65) (end 3.7 4.65) (layer F.CrtYd) (width 0.05))
    (fp_line (start -3.7 -4.65) (end 3.7 -4.65) (layer F.CrtYd) (width 0.05))
    (fp_line (start -3.7 4.65) (end 3.7 4.65) (layer F.CrtYd) (width 0.05))
    (fp_line (start -2.075 -4.45) (end -2.075 -4.425) (layer F.SilkS) (width 0.15))
    (fp_line (start 2.075 -4.45) (end 2.075 -4.335) (layer F.SilkS) (width 0.15))
    (fp_line (start 2.075 4.45) (end 2.075 4.335) (layer F.SilkS) (width 0.15))
    (fp_line (start -2.075 4.45) (end -2.075 4.335) (layer F.SilkS) (width 0.15))
    (fp_line (start -2.075 -4.45) (end 2.075 -4.45) (layer F.SilkS) (width 0.15))
    (fp_line (start -2.075 4.45) (end 2.075 4.45) (layer F.SilkS) (width 0.15))
    (fp_line (start -2.075 -4.425) (end -3.45 -4.425) (layer F.SilkS) (width 0.15))
    (pad 1 smd rect (at -2.7 -3.81 270) (size 1.5 0.6) (layers F.Cu F.Paste F.Mask)
      (net 2 +3V3))
    (pad 2 smd rect (at -2.7 -2.54 270) (size 1.5 0.6) (layers F.Cu F.Paste F.Mask)
      (net 20 /LOCAL_RXD))
    (pad 3 smd rect (at -2.7 -1.27 270) (size 1.5 0.6) (layers F.Cu F.Paste F.Mask)
      (net 21 /LOCAL_TXD))
    (pad 4 smd rect (at -2.7 0 270) (size 1.5 0.6) (layers F.Cu F.Paste F.Mask)
      (net 8 /LOCAL_BRC))
    (pad 5 smd rect (at -2.7 1.27 270) (size 1.5 0.6) (layers F.Cu F.Paste F.Mask)
      (net 23 "Net-(U3-Pad5)"))
    (pad 6 smd rect (at -2.7 2.54 270) (size 1.5 0.6) (layers F.Cu F.Paste F.Mask)
      (net 24 "Net-(U3-Pad6)"))
    (pad 7 smd rect (at -2.7 3.81 270) (size 1.5 0.6) (layers F.Cu F.Paste F.Mask)
      (net 5 Earth))
    (pad 8 smd rect (at 2.7 3.81 270) (size 1.5 0.6) (layers F.Cu F.Paste F.Mask)
      (net 25 "Net-(U3-Pad8)"))
    (pad 9 smd rect (at 2.7 2.54 270) (size 1.5 0.6) (layers F.Cu F.Paste F.Mask)
      (net 26 "Net-(U3-Pad9)"))
    (pad 10 smd rect (at 2.7 1.27 270) (size 1.5 0.6) (layers F.Cu F.Paste F.Mask)
      (net 27 "Net-(U3-Pad10)"))
    (pad 11 smd rect (at 2.7 0 270) (size 1.5 0.6) (layers F.Cu F.Paste F.Mask)
      (net 28 /ROOMBA_BRC))
    (pad 12 smd rect (at 2.7 -1.27 270) (size 1.5 0.6) (layers F.Cu F.Paste F.Mask)
      (net 29 /ROOMBA_RXD))
    (pad 13 smd rect (at 2.7 -2.54 270) (size 1.5 0.6) (layers F.Cu F.Paste F.Mask)
      (net 30 /ROOMBA_TXD))
    (pad 14 smd rect (at 2.7 -3.81 270) (size 1.5 0.6) (layers F.Cu F.Paste F.Mask)
      (net 22 +5V))
    (model ${KISYS3DMOD}/Package_SO.3dshapes/SOIC-14_3.9x8.7mm_P1.27mm.wrl
      (at (xyz 0 0 0))
      (scale (xyz 1 1 1))
      (rotate (xyz 0 0 0))
    )
  )

  (module Package_TO_SOT_SMD:SOT-223-3_TabPin2 (layer F.Cu) (tedit 5BB6F363) (tstamp 5BDC27E2)
    (at 136.906 108.712 180)
    (descr "module CMS SOT223 4 pins")
    (tags "CMS SOT")
    (path /5BB8FA5F)
    (attr smd)
    (fp_text reference U2 (at 5.588 2.54 180) (layer F.SilkS)
      (effects (font (size 1 1) (thickness 0.15)))
    )
    (fp_text value NCP1117-3.3_SOT223 (at 0 4.5 180) (layer F.Fab) hide
      (effects (font (size 1 1) (thickness 0.15)))
    )
    (fp_text user %R (at 0 0 270) (layer F.Fab)
      (effects (font (size 0.8 0.8) (thickness 0.12)))
    )
    (fp_line (start 1.91 3.41) (end 1.91 2.15) (layer F.SilkS) (width 0.12))
    (fp_line (start 1.91 -3.41) (end 1.91 -2.15) (layer F.SilkS) (width 0.12))
    (fp_line (start 4.4 -3.6) (end -4.4 -3.6) (layer F.CrtYd) (width 0.05))
    (fp_line (start 4.4 3.6) (end 4.4 -3.6) (layer F.CrtYd) (width 0.05))
    (fp_line (start -4.4 3.6) (end 4.4 3.6) (layer F.CrtYd) (width 0.05))
    (fp_line (start -4.4 -3.6) (end -4.4 3.6) (layer F.CrtYd) (width 0.05))
    (fp_line (start -1.85 -2.35) (end -0.85 -3.35) (layer F.Fab) (width 0.1))
    (fp_line (start -1.85 -2.35) (end -1.85 3.35) (layer F.Fab) (width 0.1))
    (fp_line (start -1.85 3.41) (end 1.91 3.41) (layer F.SilkS) (width 0.12))
    (fp_line (start -0.85 -3.35) (end 1.85 -3.35) (layer F.Fab) (width 0.1))
    (fp_line (start -4.1 -3.41) (end 1.91 -3.41) (layer F.SilkS) (width 0.12))
    (fp_line (start -1.85 3.35) (end 1.85 3.35) (layer F.Fab) (width 0.1))
    (fp_line (start 1.85 -3.35) (end 1.85 3.35) (layer F.Fab) (width 0.1))
    (pad 2 smd rect (at 3.15 0 180) (size 2 3.8) (layers F.Cu F.Paste F.Mask)
      (net 2 +3V3))
    (pad 2 smd rect (at -3.15 0 180) (size 2 1.5) (layers F.Cu F.Paste F.Mask)
      (net 2 +3V3))
    (pad 3 smd rect (at -3.15 2.3 180) (size 2 1.5) (layers F.Cu F.Paste F.Mask)
      (net 22 +5V))
    (pad 1 smd rect (at -3.15 -2.3 180) (size 2 1.5) (layers F.Cu F.Paste F.Mask)
      (net 5 Earth))
    (model ${KISYS3DMOD}/Package_TO_SOT_SMD.3dshapes/SOT-223.wrl
      (at (xyz 0 0 0))
      (scale (xyz 1 1 1))
      (rotate (xyz 0 0 0))
    )
  )

  (module Resistor_SMD:R_0805_2012Metric_Pad1.15x1.40mm_HandSolder (layer F.Cu) (tedit 5B36C52B) (tstamp 5BDC2791)
    (at 154.686 92.964 270)
    (descr "Resistor SMD 0805 (2012 Metric), square (rectangular) end terminal, IPC_7351 nominal with elongated pad for handsoldering. (Body size source: https://docs.google.com/spreadsheets/d/1BsfQQcO9C6DZCsRaXUlFlo91Tg2WpOkGARC1WS5S8t0/edit?usp=sharing), generated with kicad-footprint-generator")
    (tags "resistor handsolder")
    (path /5BB8506F)
    (attr smd)
    (fp_text reference R4 (at -3.302 0 270) (layer F.SilkS)
      (effects (font (size 1 1) (thickness 0.15)))
    )
    (fp_text value 12K (at 0 1.65 270) (layer F.Fab)
      (effects (font (size 1 1) (thickness 0.15)))
    )
    (fp_line (start -1 0.6) (end -1 -0.6) (layer F.Fab) (width 0.1))
    (fp_line (start -1 -0.6) (end 1 -0.6) (layer F.Fab) (width 0.1))
    (fp_line (start 1 -0.6) (end 1 0.6) (layer F.Fab) (width 0.1))
    (fp_line (start 1 0.6) (end -1 0.6) (layer F.Fab) (width 0.1))
    (fp_line (start -0.261252 -0.71) (end 0.261252 -0.71) (layer F.SilkS) (width 0.12))
    (fp_line (start -0.261252 0.71) (end 0.261252 0.71) (layer F.SilkS) (width 0.12))
    (fp_line (start -1.85 0.95) (end -1.85 -0.95) (layer F.CrtYd) (width 0.05))
    (fp_line (start -1.85 -0.95) (end 1.85 -0.95) (layer F.CrtYd) (width 0.05))
    (fp_line (start 1.85 -0.95) (end 1.85 0.95) (layer F.CrtYd) (width 0.05))
    (fp_line (start 1.85 0.95) (end -1.85 0.95) (layer F.CrtYd) (width 0.05))
    (fp_text user %R (at 0 0 270) (layer F.Fab)
      (effects (font (size 0.5 0.5) (thickness 0.08)))
    )
    (pad 1 smd roundrect (at -1.025 0 270) (size 1.15 1.4) (layers F.Cu F.Paste F.Mask) (roundrect_rratio 0.217391)
      (net 6 "Net-(R4-Pad1)"))
    (pad 2 smd roundrect (at 1.025 0 270) (size 1.15 1.4) (layers F.Cu F.Paste F.Mask) (roundrect_rratio 0.217391)
      (net 5 Earth))
    (model ${KISYS3DMOD}/Resistor_SMD.3dshapes/R_0805_2012Metric.wrl
      (at (xyz 0 0 0))
      (scale (xyz 1 1 1))
      (rotate (xyz 0 0 0))
    )
  )

  (module Resistor_SMD:R_0805_2012Metric_Pad1.15x1.40mm_HandSolder (layer F.Cu) (tedit 5B36C52B) (tstamp 5BDC2780)
    (at 143.002 98.806 270)
    (descr "Resistor SMD 0805 (2012 Metric), square (rectangular) end terminal, IPC_7351 nominal with elongated pad for handsoldering. (Body size source: https://docs.google.com/spreadsheets/d/1BsfQQcO9C6DZCsRaXUlFlo91Tg2WpOkGARC1WS5S8t0/edit?usp=sharing), generated with kicad-footprint-generator")
    (tags "resistor handsolder")
    (path /5BB80D3D)
    (attr smd)
    (fp_text reference R5 (at -0.254 -2.032 270) (layer F.SilkS)
      (effects (font (size 1 1) (thickness 0.15)))
    )
    (fp_text value 12K (at 0 1.65 270) (layer F.Fab)
      (effects (font (size 1 1) (thickness 0.15)))
    )
    (fp_text user %R (at 0 0 270) (layer F.Fab)
      (effects (font (size 0.5 0.5) (thickness 0.08)))
    )
    (fp_line (start 1.85 0.95) (end -1.85 0.95) (layer F.CrtYd) (width 0.05))
    (fp_line (start 1.85 -0.95) (end 1.85 0.95) (layer F.CrtYd) (width 0.05))
    (fp_line (start -1.85 -0.95) (end 1.85 -0.95) (layer F.CrtYd) (width 0.05))
    (fp_line (start -1.85 0.95) (end -1.85 -0.95) (layer F.CrtYd) (width 0.05))
    (fp_line (start -0.261252 0.71) (end 0.261252 0.71) (layer F.SilkS) (width 0.12))
    (fp_line (start -0.261252 -0.71) (end 0.261252 -0.71) (layer F.SilkS) (width 0.12))
    (fp_line (start 1 0.6) (end -1 0.6) (layer F.Fab) (width 0.1))
    (fp_line (start 1 -0.6) (end 1 0.6) (layer F.Fab) (width 0.1))
    (fp_line (start -1 -0.6) (end 1 -0.6) (layer F.Fab) (width 0.1))
    (fp_line (start -1 0.6) (end -1 -0.6) (layer F.Fab) (width 0.1))
    (pad 2 smd roundrect (at 1.025 0 270) (size 1.15 1.4) (layers F.Cu F.Paste F.Mask) (roundrect_rratio 0.217391)
      (net 2 +3V3))
    (pad 1 smd roundrect (at -1.025 0 270) (size 1.15 1.4) (layers F.Cu F.Paste F.Mask) (roundrect_rratio 0.217391)
      (net 32 /GPIO2))
    (model ${KISYS3DMOD}/Resistor_SMD.3dshapes/R_0805_2012Metric.wrl
      (at (xyz 0 0 0))
      (scale (xyz 1 1 1))
      (rotate (xyz 0 0 0))
    )
  )

  (module Resistor_SMD:R_0805_2012Metric_Pad1.15x1.40mm_HandSolder (layer F.Cu) (tedit 5B36C52B) (tstamp 5BDC276F)
    (at 132.588 81.788 180)
    (descr "Resistor SMD 0805 (2012 Metric), square (rectangular) end terminal, IPC_7351 nominal with elongated pad for handsoldering. (Body size source: https://docs.google.com/spreadsheets/d/1BsfQQcO9C6DZCsRaXUlFlo91Tg2WpOkGARC1WS5S8t0/edit?usp=sharing), generated with kicad-footprint-generator")
    (tags "resistor handsolder")
    (path /5BB804F3)
    (attr smd)
    (fp_text reference R1 (at 0 1.778 180) (layer F.SilkS)
      (effects (font (size 1 1) (thickness 0.15)))
    )
    (fp_text value 12K (at 0 1.65 180) (layer F.Fab)
      (effects (font (size 1 1) (thickness 0.15)))
    )
    (fp_line (start -1 0.6) (end -1 -0.6) (layer F.Fab) (width 0.1))
    (fp_line (start -1 -0.6) (end 1 -0.6) (layer F.Fab) (width 0.1))
    (fp_line (start 1 -0.6) (end 1 0.6) (layer F.Fab) (width 0.1))
    (fp_line (start 1 0.6) (end -1 0.6) (layer F.Fab) (width 0.1))
    (fp_line (start -0.261252 -0.71) (end 0.261252 -0.71) (layer F.SilkS) (width 0.12))
    (fp_line (start -0.261252 0.71) (end 0.261252 0.71) (layer F.SilkS) (width 0.12))
    (fp_line (start -1.85 0.95) (end -1.85 -0.95) (layer F.CrtYd) (width 0.05))
    (fp_line (start -1.85 -0.95) (end 1.85 -0.95) (layer F.CrtYd) (width 0.05))
    (fp_line (start 1.85 -0.95) (end 1.85 0.95) (layer F.CrtYd) (width 0.05))
    (fp_line (start 1.85 0.95) (end -1.85 0.95) (layer F.CrtYd) (width 0.05))
    (fp_text user %R (at 0 0 180) (layer F.Fab)
      (effects (font (size 0.5 0.5) (thickness 0.08)))
    )
    (pad 1 smd roundrect (at -1.025 0 180) (size 1.15 1.4) (layers F.Cu F.Paste F.Mask) (roundrect_rratio 0.217391)
      (net 4 "Net-(R1-Pad1)"))
    (pad 2 smd roundrect (at 1.025 0 180) (size 1.15 1.4) (layers F.Cu F.Paste F.Mask) (roundrect_rratio 0.217391)
      (net 2 +3V3))
    (model ${KISYS3DMOD}/Resistor_SMD.3dshapes/R_0805_2012Metric.wrl
      (at (xyz 0 0 0))
      (scale (xyz 1 1 1))
      (rotate (xyz 0 0 0))
    )
  )

  (module Resistor_SMD:R_0805_2012Metric_Pad1.15x1.40mm_HandSolder (layer F.Cu) (tedit 5B36C52B) (tstamp 5BDC275E)
    (at 132.588 84.582 180)
    (descr "Resistor SMD 0805 (2012 Metric), square (rectangular) end terminal, IPC_7351 nominal with elongated pad for handsoldering. (Body size source: https://docs.google.com/spreadsheets/d/1BsfQQcO9C6DZCsRaXUlFlo91Tg2WpOkGARC1WS5S8t0/edit?usp=sharing), generated with kicad-footprint-generator")
    (tags "resistor handsolder")
    (path /5BB7EDF7)
    (attr smd)
    (fp_text reference R2 (at 0 -2.032 180) (layer F.SilkS)
      (effects (font (size 1 1) (thickness 0.15)))
    )
    (fp_text value 12K (at 0 1.65 180) (layer F.Fab)
      (effects (font (size 1 1) (thickness 0.15)))
    )
    (fp_text user %R (at 0 0 180) (layer F.Fab)
      (effects (font (size 0.5 0.5) (thickness 0.08)))
    )
    (fp_line (start 1.85 0.95) (end -1.85 0.95) (layer F.CrtYd) (width 0.05))
    (fp_line (start 1.85 -0.95) (end 1.85 0.95) (layer F.CrtYd) (width 0.05))
    (fp_line (start -1.85 -0.95) (end 1.85 -0.95) (layer F.CrtYd) (width 0.05))
    (fp_line (start -1.85 0.95) (end -1.85 -0.95) (layer F.CrtYd) (width 0.05))
    (fp_line (start -0.261252 0.71) (end 0.261252 0.71) (layer F.SilkS) (width 0.12))
    (fp_line (start -0.261252 -0.71) (end 0.261252 -0.71) (layer F.SilkS) (width 0.12))
    (fp_line (start 1 0.6) (end -1 0.6) (layer F.Fab) (width 0.1))
    (fp_line (start 1 -0.6) (end 1 0.6) (layer F.Fab) (width 0.1))
    (fp_line (start -1 -0.6) (end 1 -0.6) (layer F.Fab) (width 0.1))
    (fp_line (start -1 0.6) (end -1 -0.6) (layer F.Fab) (width 0.1))
    (pad 2 smd roundrect (at 1.025 0 180) (size 1.15 1.4) (layers F.Cu F.Paste F.Mask) (roundrect_rratio 0.217391)
      (net 2 +3V3))
    (pad 1 smd roundrect (at -1.025 0 180) (size 1.15 1.4) (layers F.Cu F.Paste F.Mask) (roundrect_rratio 0.217391)
      (net 3 "Net-(R2-Pad1)"))
    (model ${KISYS3DMOD}/Resistor_SMD.3dshapes/R_0805_2012Metric.wrl
      (at (xyz 0 0 0))
      (scale (xyz 1 1 1))
      (rotate (xyz 0 0 0))
    )
  )

  (module Resistor_SMD:R_0805_2012Metric_Pad1.15x1.40mm_HandSolder (layer F.Cu) (tedit 5B36C52B) (tstamp 5BDC274D)
    (at 148.336 98.044 180)
    (descr "Resistor SMD 0805 (2012 Metric), square (rectangular) end terminal, IPC_7351 nominal with elongated pad for handsoldering. (Body size source: https://docs.google.com/spreadsheets/d/1BsfQQcO9C6DZCsRaXUlFlo91Tg2WpOkGARC1WS5S8t0/edit?usp=sharing), generated with kicad-footprint-generator")
    (tags "resistor handsolder")
    (path /5BB80D2D)
    (attr smd)
    (fp_text reference R3 (at -3.048 0.254 180) (layer F.SilkS)
      (effects (font (size 1 1) (thickness 0.15)))
    )
    (fp_text value 12K (at 0 1.65 180) (layer F.Fab)
      (effects (font (size 1 1) (thickness 0.15)))
    )
    (fp_line (start -1 0.6) (end -1 -0.6) (layer F.Fab) (width 0.1))
    (fp_line (start -1 -0.6) (end 1 -0.6) (layer F.Fab) (width 0.1))
    (fp_line (start 1 -0.6) (end 1 0.6) (layer F.Fab) (width 0.1))
    (fp_line (start 1 0.6) (end -1 0.6) (layer F.Fab) (width 0.1))
    (fp_line (start -0.261252 -0.71) (end 0.261252 -0.71) (layer F.SilkS) (width 0.12))
    (fp_line (start -0.261252 0.71) (end 0.261252 0.71) (layer F.SilkS) (width 0.12))
    (fp_line (start -1.85 0.95) (end -1.85 -0.95) (layer F.CrtYd) (width 0.05))
    (fp_line (start -1.85 -0.95) (end 1.85 -0.95) (layer F.CrtYd) (width 0.05))
    (fp_line (start 1.85 -0.95) (end 1.85 0.95) (layer F.CrtYd) (width 0.05))
    (fp_line (start 1.85 0.95) (end -1.85 0.95) (layer F.CrtYd) (width 0.05))
    (fp_text user %R (at 0 0 180) (layer F.Fab)
      (effects (font (size 0.5 0.5) (thickness 0.08)))
    )
    (pad 1 smd roundrect (at -1.025 0 180) (size 1.15 1.4) (layers F.Cu F.Paste F.Mask) (roundrect_rratio 0.217391)
      (net 1 /GPIO0))
    (pad 2 smd roundrect (at 1.025 0 180) (size 1.15 1.4) (layers F.Cu F.Paste F.Mask) (roundrect_rratio 0.217391)
      (net 2 +3V3))
    (model ${KISYS3DMOD}/Resistor_SMD.3dshapes/R_0805_2012Metric.wrl
      (at (xyz 0 0 0))
      (scale (xyz 1 1 1))
      (rotate (xyz 0 0 0))
    )
  )

  (gr_text "Roomba 560\nESP-Wifi \nRev --\nMatthew A Sparks" (at 154.686 86.106) (layer B.SilkS)
    (effects (font (size 1.5 1.5) (thickness 0.3)) (justify left mirror))
  )
  (dimension 45.72 (width 0.3) (layer Eco2.User)
    (gr_text "1.8000 in" (at 162.12 93.98 90) (layer Eco2.User)
      (effects (font (size 1.5 1.5) (thickness 0.3)))
    )
    (feature1 (pts (xy 160.02 71.12) (xy 160.606421 71.12)))
    (feature2 (pts (xy 160.02 116.84) (xy 160.606421 116.84)))
    (crossbar (pts (xy 160.02 116.84) (xy 160.02 71.12)))
    (arrow1a (pts (xy 160.02 71.12) (xy 160.606421 72.246504)))
    (arrow1b (pts (xy 160.02 71.12) (xy 159.433579 72.246504)))
    (arrow2a (pts (xy 160.02 116.84) (xy 160.606421 115.713496)))
    (arrow2b (pts (xy 160.02 116.84) (xy 159.433579 115.713496)))
  )
  (dimension 38.1 (width 0.3) (layer Eco2.User)
    (gr_text "1.5000 in" (at 124.9 97.79 270) (layer Eco2.User)
      (effects (font (size 1.5 1.5) (thickness 0.3)))
    )
    (feature1 (pts (xy 127 116.84) (xy 126.413579 116.84)))
    (feature2 (pts (xy 127 78.74) (xy 126.413579 78.74)))
    (crossbar (pts (xy 127 78.74) (xy 127 116.84)))
    (arrow1a (pts (xy 127 116.84) (xy 126.413579 115.713496)))
    (arrow1b (pts (xy 127 116.84) (xy 127.586421 115.713496)))
    (arrow2a (pts (xy 127 78.74) (xy 126.413579 79.866504)))
    (arrow2b (pts (xy 127 78.74) (xy 127.586421 79.866504)))
  )
  (dimension 26.67 (width 0.3) (layer Eco2.User)
    (gr_text "1.0500 in" (at 142.875 121.48) (layer Eco2.User)
      (effects (font (size 1.5 1.5) (thickness 0.3)))
    )
    (feature1 (pts (xy 156.21 119.38) (xy 156.21 119.966421)))
    (feature2 (pts (xy 129.54 119.38) (xy 129.54 119.966421)))
    (crossbar (pts (xy 129.54 119.38) (xy 156.21 119.38)))
    (arrow1a (pts (xy 156.21 119.38) (xy 155.083496 119.966421)))
    (arrow1b (pts (xy 156.21 119.38) (xy 155.083496 118.793579)))
    (arrow2a (pts (xy 129.54 119.38) (xy 130.666504 119.966421)))
    (arrow2b (pts (xy 129.54 119.38) (xy 130.666504 118.793579)))
  )
  (gr_line (start 129.54 78.74) (end 156.270283 78.726278) (layer Edge.Cuts) (width 0.15))
  (gr_line (start 129.54 116.826278) (end 129.54 78.726278) (layer Edge.Cuts) (width 0.15))
  (gr_line (start 156.270283 116.826278) (end 129.54 116.84) (layer Edge.Cuts) (width 0.15))
  (gr_line (start 156.270283 78.726278) (end 156.270283 116.826278) (layer Edge.Cuts) (width 0.15))

  (via (at 151.13 98.044) (size 0.8) (drill 0.4) (layers F.Cu B.Cu) (net 1))
  (via (at 154.178 87.884) (size 0.8) (drill 0.4) (layers F.Cu B.Cu) (net 1))
  (segment (start 149.361 98.044) (end 151.13 98.044) (width 0.25) (layer F.Cu) (net 1) (status 10))
  (segment (start 151.69 87.884) (end 151.618 87.812) (width 0.25) (layer F.Cu) (net 1) (status 30))
  (segment (start 154.178 87.884) (end 151.69 87.884) (width 0.25) (layer F.Cu) (net 1) (status 20))
  (segment (start 151.13 90.932) (end 154.178 87.884) (width 0.25) (layer B.Cu) (net 1))
